[[ 5.89484660e+01 -3.37614775e+00  1.15118635e+01  5.86610417e+01
  -3.36403697e+00  1.14206344e+01  5.81589518e+01 -3.32338041e+00
   1.11859079e+01 -1.14038941e-01 -7.88683336e-01 -1.41842456e-01
  -1.23076034e+00 -3.56344005e-01 -1.29387855e-01 -5.98034954e-02
  -1.92683451e-02]
 [ 3.93917263e+01 -1.02403397e+01  1.68070544e+01  3.95229599e+01
  -9.99867935e+00  1.65283547e+01  4.00305511e+01 -9.61597437e+00
   1.61356522e+01 -3.19754582e-02 -3.32418304e-01 -2.34450967e-02
  -5.28051899e-01  2.38166615e-02  1.06515503e-01  6.65493573e-02
   2.86850827e-02]
 [ 9.26501872e+01  3.47187557e-01  2.16936462e+00  9.14737880e+01
   3.43557935e-01  2.36915478e+00  8.85623508e+01  2.91698164e-01
   2.85361106e+00 -1.30348026e-01 -1.44858515e+00 -1.83999343e-01
  -2.33719430e+00 -8.94155282e-01 -6.89121419e-01 -3.56714433e-01
  -1.29552427e-01]
 [ 4.95838765e+01 -1.95181087e+01  4.12498818e+01  4.96461405e+01
  -1.93187729e+01  4.10058523e+01  4.96490555e+01 -1.89419980e+01
   4.05138848e+01 -3.79636143e-05 -2.63116934e-02  2.84224468e-02
   3.23639293e-02  8.56323124e-02  1.97648277e-02 -7.27815150e-03
  -7.90453658e-03]
 [ 3.29763215e+01 -9.09834843e-01  4.11557231e+00  3.23290465e+01
  -8.83696580e-01  4.17976282e+00  3.28151346e+01 -8.03410853e-01
   4.43872204e+00 -2.66207948e-01 -6.79662131e-01 -2.75378825e-01
  -8.99352129e-01 -1.25976779e+00 -8.26558128e-02  1.14831075e-01
   5.72345793e-02]
 [ 5.91206085e+01  2.20600944e-01  5.96871322e+00  5.89298467e+01
   2.12068038e-01  6.00344295e+00  5.81572550e+01  1.85163293e-01
   6.00150527e+00 -4.52866177e-02 -4.12963441e-02  5.22474163e-02
   2.91968026e-02 -4.20141274e-02 -1.53854660e-01 -1.03973261e-01
  -4.14605460e-02]
 [ 2.82702201e+00 -4.74430704e-01  5.84194512e-01  3.20827376e+00
  -4.70395379e-01  6.93332266e-01  4.58653559e+00 -4.08876199e-01
   1.07734342e+00 -2.97184590e-02 -8.92463443e-02 -1.66545229e-02
  -6.56801361e-02  2.67823082e-01  2.47015532e-01  2.09991692e-01
   1.11525151e-01]
 [ 4.59660835e+01  6.07941781e+01  4.16213404e+01  4.54866777e+01
   5.87212797e+01  4.00883681e+01  4.43465063e+01  5.36810818e+01
   3.66089720e+01 -1.92205762e-01 -1.15187202e+00 -3.02588640e-01
  -2.53716169e+00 -3.36345022e-01 -2.79327775e-01 -1.37489049e-01
  -4.47533445e-02]
 [ 7.45241012e+01 -1.16634111e+01  2.92188223e+01  7.40464210e+01
  -1.17156325e+01  2.93081666e+01  7.29839637e+01 -1.16408924e+01
   2.91246380e+01 -6.35475679e-02  2.10887709e-01 -1.16212739e-01
   4.26290348e-01 -4.07405407e-01 -2.59935996e-01 -1.30060511e-01
  -4.90997620e-02]
 [ 5.21375865e+01 -1.27356043e+01  2.85948509e+01  5.18924220e+01
  -1.27271330e+01  2.85500654e+01  5.15814685e+01 -1.26279244e+01
   2.83711815e+01 -1.11428999e-02 -2.49510503e-01 -2.78156526e-02
  -3.27834466e-01 -3.06519373e-01 -9.85460554e-02 -3.29303475e-02
  -1.15887351e-02]
 [ 3.44440824e+01  1.35668370e+01 -4.14278184e+01  3.45523460e+01
   1.29557279e+01 -3.99713706e+01  3.48310475e+01  1.17508440e+01
  -3.66350739e+01 -6.87216965e-02 -1.47573935e+00 -1.53312630e-01
  -2.67724249e+00  9.72687402e-02  6.05914100e-02  3.73582472e-02
   1.75227620e-02]
 [ 5.71575596e+01 -1.76105034e+00 -5.15740091e+00  5.70597409e+01
  -1.73955691e+00 -5.03564287e+00  5.68191722e+01 -1.69076283e+00
  -4.70953180e+00 -3.56335434e-02  2.21413595e-02 -5.21808210e-02
  -9.39369216e-02 -4.93161663e-02 -6.26796127e-02 -2.71643353e-02
  -1.20407473e-02]
 [ 7.48718867e+01  1.49936181e-01  5.31825830e+00  7.47918599e+01
   1.16080629e-01  5.38046407e+00  7.39073188e+01  5.70546375e-02
   5.49230972e+00  1.21327676e-01  8.26048005e-02  1.75348234e-01
  -9.07946658e-02  1.19747305e-01 -1.26697275e-01 -1.37345450e-01
  -6.61514526e-02]
 [ 2.12535292e+01 -9.88707835e+00  1.85982768e+01  2.18050441e+01
  -9.78133927e+00  1.86626625e+01  2.30399488e+01 -9.58535631e+00
   1.87907752e+01  6.49741186e-02  6.54176889e-01  8.62360808e-02
   7.14273033e-01  4.81226524e-01  2.99190255e-01  1.53290141e-01
   6.26289380e-02]
 [ 5.00336324e+01 -1.75836279e+00 -2.51887270e+00  4.54179675e+01
  -1.71928529e+00 -1.76155118e+00  4.21939133e+01 -1.63433075e+00
  -6.53016807e-01 -8.69248365e-02 -6.85556612e+00 -4.05761123e-02
  -7.34445350e+00 -6.46337571e+00 -1.55637537e+00 -1.70435581e-01
   1.19339355e-02]
 [ 5.32092718e+01  1.73633533e+01  1.96981210e+01  5.35376927e+01
   1.64176832e+01  1.90097091e+01  5.36672628e+01  1.47794773e+01
   1.77351195e+01 -7.27953255e-01 -1.10852990e+00 -7.97526850e-01
  -1.79532160e+00  5.05008208e-01  9.64303977e-02 -7.47688124e-03
  -1.98445486e-02]
 [ 9.47211137e+00 -7.05235939e+00  6.98897413e+00  9.93497408e+00
  -7.04943356e+00  7.21642266e+00  1.13068205e+01 -7.01861183e+00
   7.80127008e+00 -6.11244945e-02 -3.02742625e-01 -7.56819966e-02
  -3.28788444e-01  3.66059307e-01  2.75128285e-01  1.95738819e-01
   9.46412334e-02]
 [ 3.09505891e+01 -2.82673117e+00  1.95983633e+01  3.10031925e+01
  -3.02637324e+00  1.95637481e+01  3.18242489e+01 -3.31211021e+00
   1.96211674e+01 -1.73430270e-02  1.00770052e-01 -1.02706219e-02
  -7.13890138e-02 -3.43688286e-01  1.50309442e-01  1.10583175e-01
   4.47484751e-02]
 [ 8.27896345e+01  2.69333552e+00  1.95717641e+01  8.17287805e+01
   2.58818952e+00  1.95287929e+01  7.94440458e+01  2.43448009e+00
   1.92885910e+01  9.58324514e-02  3.50950545e-01  4.59174169e-02
   1.63458577e-01 -8.61941044e-01 -5.86250668e-01 -2.63374824e-01
  -9.03754256e-02]
 [ 2.03631524e+01  6.57316535e+00 -2.34734890e+01  2.12642808e+01
   6.37992592e+00 -2.25447851e+01  2.31222780e+01  6.16595288e+00
  -2.08317170e+01  2.51267159e-01 -1.48645115e+00  3.43125471e-01
  -2.48564742e+00  8.20612044e-01  4.69988869e-01  2.26433873e-01
   9.32768320e-02]
 [ 8.03515374e+01 -6.70720648e-01 -3.00363523e+00  8.02191355e+01
  -6.81580191e-01 -2.97131818e+00  7.96301965e+01 -7.05555494e-01
  -2.87528446e+00 -6.27865510e-02  8.30588515e-02 -1.63595324e-02
  -2.05214837e-01 -4.76577870e-02 -1.04629192e-01 -8.75941515e-02
  -4.88579895e-02]
 [ 5.06320635e+01 -1.05139303e+00  6.96407884e+00  4.94120026e+01
  -1.13088045e+00  7.03725802e+00  4.85943793e+01 -1.19145230e+00
   7.11531112e+00  8.58520230e-02 -1.07837038e+01  1.67673291e-01
  -1.12121213e+01 -1.81215491e+00 -3.98110804e-01 -4.23357194e-02
   3.15047058e-03]
 [ 5.38270731e+01 -2.91288184e+01  3.73160654e+01  5.41449083e+01
  -2.87268338e+01  3.68195158e+01  5.44564096e+01 -2.79400292e+01
   3.58886319e+01 -4.70178951e-02 -5.87917194e-01 -4.52216442e-02
  -7.39697586e-01  4.15561989e-01  1.19017954e-01  2.66490902e-02
   5.60503357e-03]
 [ 4.12477786e+01 -1.03473394e+01  3.26286392e+01  4.06932640e+01
  -1.02744173e+01  3.22234721e+01  4.01791101e+01 -1.01088721e+01
   3.16022664e+01  3.20757651e-02  4.84715799e-03  5.24726748e-02
   3.24182023e-02 -7.89280527e-01 -1.95182514e-01 -4.31178643e-02
  -7.20825877e-03]
 [ 3.10461244e+01  3.57361693e+01  2.79214645e+01  3.11513590e+01
   3.39658564e+01  2.67665906e+01  3.18279785e+01  3.07589707e+01
   2.47402607e+01 -1.60061188e-01 -1.06428663e+00 -1.38777667e-01
  -2.04682867e+00 -4.98652674e-02  1.15543168e-01  9.72659156e-02
   4.24705096e-02]
 [ 5.64911686e+01  1.57549445e+01 -5.21155894e+00  5.62041784e+01
   1.50938930e+01 -4.95918942e+00  5.60876928e+01  1.39760159e+01
  -4.48430546e+00  4.29830679e-02 -1.16846394e+00  1.00620738e-01
  -1.21727640e+00 -3.60532744e-01 -1.06508036e-01  1.51363298e-02
   1.42344079e-02]
 [ 4.35988269e+01 -3.54836855e+00  1.23661262e+01  4.65708275e+01
  -3.51291930e+00  1.21617155e+01  4.83062933e+01 -3.54524844e+00
   1.20407528e+01  9.38056407e-02 -1.80712639e-01  9.20853799e-02
  -5.14972432e-01  4.88945993e+00  8.53319653e-01  1.07239787e-01
   1.42229883e-02]
 [ 8.34688924e+00 -1.09763283e+00  1.46829181e+00  9.00873994e+00
  -1.03992048e+00  1.57720856e+00  1.08392681e+01 -8.59772633e-01
   1.92917764e+00 -1.06361508e-01 -3.63306617e-01 -1.39974995e-01
  -5.91825518e-01  5.42742190e-01  3.85532157e-01  2.50664142e-01
   1.14369328e-01]
 [ 5.70954160e+01  4.38441869e+01  2.06590413e+01  5.58626215e+01
   4.05590326e+01  1.93901041e+01  5.39380268e+01  3.51793883e+01
   1.74157483e+01 -2.82226685e-01 -7.61204688e-01 -3.92920042e-01
  -1.26144481e+00 -1.27078178e+00 -5.78635520e-01 -2.01004007e-01
  -6.62978472e-02]
 [ 5.86516925e+01 -1.51730552e+01  3.70814580e+01  5.86581759e+01
  -1.50325906e+01  3.68571820e+01  5.84600991e+01 -1.47423171e+01
   3.63939214e+01  8.75676048e-02 -2.22595040e-02  1.47839577e-01
   9.45739807e-02  9.12354408e-02 -2.70531086e-02 -2.99178548e-02
  -1.35496533e-02]
 [ 2.20546088e+01 -6.88239355e+00  9.13897573e+00  2.24722290e+01
  -6.91902464e+00  9.28883790e+00  2.37942931e+01 -6.96219794e+00
   9.60352165e+00 -7.66833498e-02  5.81087346e-03 -1.12353237e-01
   8.75714120e-02  2.09789036e-01  2.85661517e-01  1.69399333e-01
   6.27548263e-02]
 [ 4.78547799e+01 -9.79804946e-01  2.27021680e+00  4.81499899e+01
  -9.58249281e-01  2.38809146e+00  4.81723467e+01 -9.31056777e-01
   2.60022829e+00 -1.02573401e-01  5.76888546e-03 -1.53496096e-01
  -1.58589458e-03  5.81151026e-01  5.76428895e-02 -9.10166203e-03
  -1.40262547e-03]
 [ 4.28808693e+01 -1.69450014e+01  3.68600932e+01  4.33486039e+01
  -1.66759504e+01  3.66435878e+01  4.37522320e+01 -1.63143071e+01
   3.63006281e+01 -9.41497396e-03 -1.68906893e-01 -1.74527699e-02
  -1.67336382e-01  6.44414989e-01  1.63416084e-01  3.22477886e-02
   5.89602742e-03]
 [ 2.51382721e+01 -1.67567112e+00  5.73254341e-01  2.47674042e+01
  -1.60777823e+00  6.99311500e-01  2.60384312e+01 -1.44710500e+00
   1.03848377e+00  1.17451413e-01  2.04079455e-01  2.19422137e-01
   2.94618664e-01 -1.09948431e+00  9.98228595e-02  2.08988060e-01
   8.92397146e-02]
 [ 3.69659107e+01 -1.83427267e+00  1.10491437e+01  3.93066365e+01
  -1.72851607e+00  1.06769252e+01  4.18313068e+01 -1.65022025e+00
   1.02677736e+01  2.11867708e-02  1.77172484e+01  1.07791233e-01
   1.72774664e+01  2.82420773e+00  9.32188390e-01  2.12382925e-01
   4.36085498e-02]
 [ 9.09670941e+01 -7.93960917e-01 -5.17359507e+00  9.06742529e+01
  -8.07889019e-01 -5.11535639e+00  8.96871611e+01 -8.48898283e-01
  -4.81483798e+00  4.79715779e-02 -2.82286968e-01  1.11104440e-01
  -9.67102780e-01 -2.07710310e-01 -1.88874032e-01 -1.42542558e-01
  -7.14836276e-02]
 [ 8.00362692e+01 -1.21864625e+01 -1.93551447e+01  7.93913497e+01
  -1.17576792e+01 -1.90991953e+01  7.79970746e+01 -1.08706825e+01
  -1.86468096e+01 -2.94286340e-02 -6.67927120e-01 -1.37287236e-01
  -4.21035748e-01 -5.13693422e-01 -3.52426047e-01 -1.68090149e-01
  -6.84969795e-02]
 [ 7.38625397e+01 -1.32483092e+01  4.93673007e+01  7.32766840e+01
  -1.30328661e+01  4.83481587e+01  7.21861056e+01 -1.26534023e+01
   4.65103299e+01 -1.07882015e-01  2.14467046e-02 -1.90871261e-01
   2.06580076e-01 -5.10927769e-01 -3.01773019e-01 -1.21423073e-01
  -4.32610318e-02]
 [ 3.44940134e+01 -1.34379171e+01  3.09961316e+01  3.50245880e+01
  -1.32443738e+01  3.09279822e+01  3.55845438e+01 -1.29460556e+01
   3.07349592e+01  2.74666201e-02 -2.36166055e-01  2.61653519e-02
  -2.56204646e-01  7.05142837e-01  1.98559002e-01  5.17902418e-02
   1.47217320e-02]
 [ 8.47817303e+01 -1.05668991e-01  2.46697379e+00  7.90956141e+01
  -2.57584757e-01  3.12900737e+00  7.18110574e+01 -5.14474721e-01
   4.09537333e+00  1.06615480e+01 -3.53256488e-01  1.21569456e+01
  -5.03510016e-01 -5.95808472e+00 -2.51305942e+00 -6.39763513e-01
  -1.19587548e-01]
 [ 6.12439866e+01  3.74386897e+00  3.18065504e+01  5.97458473e+01
   3.28059926e+00  3.04971911e+01  5.75391120e+01  2.42216999e+00
   2.83893669e+01 -5.67825812e-01 -3.71093002e-01 -8.05352129e-01
  -2.16181783e-01 -1.69842748e+00 -6.60835826e-01 -2.32795996e-01
  -7.03385535e-02]
 [ 4.91839879e+01 -1.22733795e+01  3.56727321e+01  4.87361519e+01
  -1.22496967e+01  3.54420882e+01  4.81498752e+01 -1.21297221e+01
   3.49725098e+01  1.01580697e-02 -1.23922435e-01 -4.91818946e-03
  -1.38746151e-01 -5.37438882e-01 -1.85991946e-01 -5.92463432e-02
  -1.58018121e-02]
 [ 5.57203664e+01 -1.10951071e+00  9.64227365e-01  5.51777467e+01
  -1.09357086e+00  1.11286244e+00  5.42060530e+01 -1.05407776e+00
   1.33999679e+00 -1.92617479e-01 -5.02643234e-01 -2.35797147e-01
  -9.38171140e-01 -5.48415185e-01 -2.70399111e-01 -1.04428192e-01
  -2.63340432e-02]
 [ 2.20394822e+01 -1.34880297e+00  2.76517302e+00  2.67275825e+01
  -1.20863261e+00  3.32527861e+00  3.30796063e+01 -1.02484584e+00
   4.18840049e+00 -1.53026835e-01 -1.31124275e+01 -1.80151719e-01
  -1.45054612e+01  4.74328373e+00  2.13649950e+00  5.69009560e-01
   1.07335824e-01]
 [ 6.50654322e+01 -2.59171330e+01  3.63850841e+01  6.48288313e+01
  -2.56240351e+01  3.60916117e+01  6.43772967e+01 -2.49464018e+01
   3.53471242e+01 -6.37707915e-02 -1.36045404e-01 -2.38655264e-01
  -1.51965842e-01 -2.39421246e-01 -1.17665072e-01 -5.44223710e-02
  -2.49615369e-02]
 [ 6.59518298e+01  1.46444084e-01  1.72283926e+01  6.32963227e+01
   4.99227049e-02  1.62256456e+01  6.01313750e+01 -1.34675959e-01
   1.49964030e+01 -2.55539396e-01 -1.35946686e+01 -3.29256968e-01
  -1.53690448e+01 -2.99299712e+00 -1.11515185e+00 -2.74694169e-01
  -5.32025014e-02]
 [ 6.53370595e+01 -1.08650782e+00 -1.28712887e+01  6.50781159e+01
  -1.02856842e+00 -1.22662176e+01  6.45116521e+01 -8.89904705e-01
  -1.11714104e+01 -4.42390961e-02 -8.02803839e-03 -2.38364631e-02
  -1.50799393e-02 -2.46054550e-01 -1.34863646e-01 -7.13989915e-02
  -2.78531353e-02]
 [ 5.11600266e+01 -2.87526994e-01  1.67541889e+01  5.71076985e+01
  -2.70145204e-01  1.69101407e+01  5.98903292e+01 -3.34677976e-01
   1.68180059e+01 -5.52530174e-02  9.56868079e-01 -9.45712851e-02
   8.26832093e-01  1.00215675e+01  1.62417659e+00  9.75927056e-02
  -3.31978076e-02]
 [ 8.36687128e+01  5.23611367e-01  4.36246167e+00  8.33360546e+01
   4.86443343e-01  4.38156901e+00  8.18311453e+01  3.98150133e-01
   4.52268084e+00 -5.34212439e-02 -3.46168236e-01 -1.00910025e-01
  -5.90757536e-01 -1.45905442e-01 -2.60149297e-01 -2.23262620e-01
  -1.07863134e-01]
 [ 3.41312609e+01 -1.16713448e+01  2.49307365e+01  3.38485374e+01
  -1.14939319e+01  2.45203668e+01  3.38322336e+01 -1.11797931e+01
   2.39411206e+01 -1.03044310e-02 -6.43894767e-01  1.89102456e-02
  -7.85355218e-01 -4.71323197e-01 -6.92507861e-02  1.77756065e-02
   1.76152281e-02]
 [ 7.44081184e+01 -1.40564424e+00  6.56818107e-01  6.46619507e+01
  -1.37467086e+00  1.62630092e+00  5.64273822e+01 -1.29718621e+00
   2.74795273e+00 -3.34659628e+00 -2.81340737e-01 -2.99377042e+00
  -4.08154340e-01 -1.27272378e+01 -3.50438121e+00 -5.74802039e-01
  -6.14980400e-02]
 [ 6.70182167e+01  1.62007145e+01  1.32502063e+01  6.66284209e+01
   1.59546458e+01  1.31349551e+01  6.55229172e+01  1.53093727e+01
   1.28162646e+01 -1.76601731e-01  7.10068289e-02 -1.54595556e-01
   6.02292053e-02 -2.03020893e-01 -2.51461879e-01 -1.42392323e-01
  -6.44480183e-02]
 [ 3.24385558e+01  1.23428854e+01  2.08408697e+01  3.34011318e+01
   1.17099476e+01  2.06538436e+01  3.51310291e+01  1.04874272e+01
   2.02277712e+01 -8.74613297e-01 -6.77701628e-01 -1.25728679e+00
  -8.55081623e-01  9.62663724e-01  4.68158397e-01  2.00304813e-01
   7.31294562e-02]
 [ 2.75247672e+01 -9.09141379e-01 -7.04211796e+00  2.79941479e+01
  -8.45039642e-01 -6.70130559e+00  2.93952827e+01 -7.07878200e-01
  -5.93243817e+00  2.08866429e-02 -1.08685145e+00  3.75678024e-02
  -1.41613262e+00  3.32371167e-01  2.97220932e-01  1.84093353e-01
   7.49279861e-02]
 [ 5.45914643e+01 -1.38462005e+00 -1.28011932e+01  5.44398009e+01
  -1.36526867e+00 -1.25358108e+01  5.42865103e+01 -1.29858088e+00
  -1.19853099e+01 -4.84860106e-02  2.11010793e-03 -8.53418477e-02
   2.91115158e-03 -1.78347691e-01 -6.18200867e-02 -1.00963121e-02
  -1.33543926e-03]
 [ 2.17440812e+01  9.89485476e+00  1.52929101e+01  2.23419672e+01
   9.79023793e+00  1.53767538e+01  2.35909504e+01  9.41993801e+00
   1.54003514e+01  2.66781283e-01 -2.56490660e-01  3.54885433e-01
  -2.98182505e-01  5.47619878e-01  3.12813116e-01  1.53754414e-01
   6.74063930e-02]
 [ 7.09792809e+01  2.15605192e+00  1.73704003e+01  7.09918461e+01
   2.08671022e+00  1.71735669e+01  7.00793298e+01  1.88745095e+00
   1.67535304e+01 -6.00112170e-02 -1.85429371e-01 -6.82708184e-02
  -4.97471080e-01  2.46734126e-01 -1.05841820e-01 -1.48282063e-01
  -6.36246107e-02]
 [ 4.56428400e+01 -1.07932109e+00  2.48961950e+00  5.55584841e+01
  -1.06448770e+00  2.20146098e+00  6.03891513e+01 -1.03889042e+00
   2.32281793e+00 -6.97026497e-01 -3.13537438e+00 -6.89624410e-01
  -2.94249368e+00  1.59957331e+01  2.79880481e+00  1.82111988e-01
  -3.16615091e-02]
 [ 6.13827122e+01 -8.86992100e-01  4.11074910e+00  5.10274009e+01
  -1.07975916e+00  4.88307052e+00  4.46748861e+01 -1.23975057e+00
   5.47084132e+00 -1.02387306e+00  3.55931414e-01 -8.67701975e-01
   1.99563508e-02 -1.56401774e+01 -3.19659293e+00 -3.41875490e-01
  -5.05998863e-05]
 [ 7.85532412e+01 -3.20216982e-01  3.38451674e+00  7.26343025e+01
  -4.97965131e-01  3.55735799e+00  6.62038619e+01 -6.49576943e-01
   3.74870570e+00  3.28551530e-01  1.52671872e+01  3.15287168e-01
   1.60651622e+01 -6.98102937e+00 -2.38056386e+00 -5.37785403e-01
  -1.03993436e-01]
 [ 4.52670785e+01 -1.29611926e+01  2.28723044e+01  4.50735520e+01
  -1.26409369e+01  2.24191948e+01  4.49776908e+01 -1.21364985e+01
   2.17659513e+01  1.80293243e-02 -3.25546345e-02  3.49844443e-02
   3.66434477e-02 -2.84360223e-01 -6.14390024e-02  9.66365775e-04
   9.35334837e-03]
 [ 5.87287280e+01 -5.85232125e-01  5.67031948e+00  5.53542963e+01
  -7.08113427e-01  5.51494934e+00  5.20702564e+01 -7.91893786e-01
   5.29667514e+00  3.38562370e-02  1.39364837e+01  7.28357724e-02
   1.42782402e+01 -4.31383875e+00 -1.29384830e+00 -2.43501679e-01
  -2.51959520e-02]
 [ 2.00640191e+01 -9.13310704e-01  2.94282377e+00  2.50839888e+01
  -8.34563253e-01  3.62307547e+00  3.14990434e+01 -7.43635464e-01
   4.53792646e+00 -1.12726399e+01  3.70754185e-01 -1.17850069e+01
   4.30163932e-01  5.33015605e+00  2.22074335e+00  5.58468030e-01
   1.09923383e-01]
 [ 6.68808159e+01 -1.65181970e-01  8.43092622e+00  6.65124748e+01
  -1.63122248e-01  8.40563248e+00  6.53571969e+01 -1.98312225e-01
   8.31835804e+00 -1.86825137e-01  3.96988167e-01 -2.09329992e-01
   3.78611118e-01 -2.11393247e-01 -2.47655887e-01 -1.48642439e-01
  -5.28323890e-02]
 [ 6.34133196e+01  1.09884369e+01  6.38670998e+01  6.22261708e+01
   1.08341406e+01  6.22388629e+01  6.00882525e+01  1.04523852e+01
   5.90978844e+01  1.57325684e-01 -4.45951781e-02  2.10988547e-01
   1.13295537e-01 -1.04361687e+00 -6.02230974e-01 -2.35371745e-01
  -7.42135459e-02]
 [ 4.11288509e+01  3.18766800e+01  3.94053405e+01  4.10298776e+01
   3.12515573e+01  3.88353443e+01  4.09479690e+01  2.96884157e+01
   3.74996970e+01 -4.63465714e-01 -1.69307496e-02 -7.33012839e-01
  -1.23663930e-01 -1.26120206e-01 -3.63770769e-02 -4.51620416e-03
   2.21277005e-03]
 [ 4.23157307e+01  1.37797335e+01  1.40325060e+01  4.27998300e+01
   1.28622305e+01  1.34341663e+01  4.36419055e+01  1.14146502e+01
   1.25676891e+01  8.39678474e+00  2.79277639e-01  9.88683015e+00
   4.33114907e-01  5.11227126e-01  2.34126774e-01  9.06165995e-02
   3.39427829e-02]
 [ 7.94840447e+01 -9.12333185e-01 -1.92965221e+01  7.92783761e+01
  -8.61323227e-01 -1.91358243e+01  7.87979707e+01 -7.93737031e-01
  -1.86426463e+01 -1.62012452e-02  1.13000310e-01 -1.04353445e-02
   4.39177770e-02 -1.66267678e-01 -1.16227612e-01 -5.88262382e-02
  -2.46127546e-02]
 [ 3.84632240e+01 -3.21313952e+00  1.81748314e+01  4.31905602e+01
  -3.24044242e+00  1.80708897e+01  4.71010182e+01 -3.07668630e+00
   1.76202806e+01 -1.45401188e+01  4.17274786e-01 -1.42267371e+01
   5.73877681e-01  6.53953993e+00  1.65623362e+00  2.72808058e-01
   2.38334492e-02]
 [ 1.96539153e+01  7.11345430e+00  6.75677566e+00  2.04256803e+01
   7.33419547e+00  6.97770647e+00  2.20791747e+01  7.50913430e+00
   7.37579508e+00 -4.80569726e-01 -3.69507864e-01 -8.26649090e-01
  -5.71341800e-01  6.74209359e-01  4.15362868e-01  1.97809712e-01
   7.33688118e-02]
 [ 1.48470289e+01 -6.86494099e+00  1.27013716e+01  1.62824561e+01
  -6.93490840e+00  1.33970341e+01  1.89783927e+01 -6.92913372e+00
   1.43782692e+01 -7.73815892e-03 -3.06056780e-01  3.68682454e-02
  -3.99278345e-01  1.38699894e+00  7.18122617e-01  3.10393711e-01
   1.06906005e-01]
 [ 6.15504113e+01  2.19851411e+01  3.54704161e+01  6.11715065e+01
   2.09662487e+01  3.45748783e+01  6.02735209e+01  1.88162426e+01
   3.28114201e+01  5.11559724e-02 -1.72247036e-01  1.83998323e-01
  -5.31225794e-01 -3.19032446e-01 -2.13773207e-01 -1.08731697e-01
  -3.73274584e-02]
 [ 3.54342291e+01 -9.59483383e-01 -2.69097146e+00  3.90733908e+01
  -8.75063525e-01 -1.86232868e+00  4.25859073e+01 -7.83368223e-01
  -6.16385743e-01 -2.19218152e-02 -1.47194472e+01 -1.64656627e-02
  -1.46157645e+01  4.87492598e+00  1.34011784e+00  2.93535983e-01
   5.29288824e-02]
 [ 4.65307674e+01 -1.80234336e+00  8.02234308e+00  3.79825566e+01
  -2.09976753e+00  7.96652420e+00  3.49100816e+01 -2.24237066e+00
   8.02070949e+00  4.18884168e-01  1.24280671e+00  3.89854319e-01
   1.00093042e+00 -1.51855563e+01 -2.13572117e+00 -4.54049592e-02
   5.30237863e-02]
 [ 8.06773827e+01  3.59276363e+00  3.37754162e+01  7.99626852e+01
   3.49462255e+00  3.34265542e+01  7.83658239e+01  3.26657369e+00
   3.27290978e+01 -1.47549455e-01 -4.94695156e-02 -2.10217120e-01
  -1.51378927e-01 -5.90933347e-01 -3.95508977e-01 -1.91490447e-01
  -7.33509076e-02]
 [ 6.72083619e+01 -1.19687405e+01  3.46544622e+01  6.70630263e+01
  -1.19684215e+01  3.46646065e+01  6.65299496e+01 -1.18314737e+01
   3.44522921e+01  5.10723753e-02 -1.68159081e-01  7.82223723e-02
  -8.87479459e-02 -4.83156421e-02 -1.07355858e-01 -7.27565312e-02
  -3.12510048e-02]
 [ 5.17178046e+01 -6.31234170e-01  8.53515646e+00  5.12866329e+01
  -6.52682884e-01  8.47850988e+00  5.07561449e+01 -6.88738417e-01
   8.34831276e+00  7.58446605e-02  2.33899754e-01  5.85787014e-02
   1.94807798e-01 -5.44661490e-01 -1.74957628e-01 -5.17794714e-02
  -1.41640445e-02]
 [ 8.18633027e+01 -4.65347361e-01  5.28770797e+00  7.63114261e+01
  -5.87022261e-01  5.66076325e+00  6.98035055e+01 -7.13781665e-01
   6.08025253e+00 -1.26713813e+01  9.66913520e-02 -1.35331688e+01
   3.96330769e-02 -6.14427451e+00 -2.34556274e+00 -5.48139795e-01
  -1.01402883e-01]
 [ 7.94514147e+00 -1.93446544e+00  3.37577900e+00  1.07384641e+01
  -1.96913595e+00  4.32590921e+00  1.67713320e+01 -1.91808270e+00
   6.27036915e+00 -4.79800960e-01  5.70547229e+00 -6.50329310e-01
   9.54179390e+00  2.10170450e+00  1.59698582e+00  6.56169457e-01
   1.75420620e-01]
 [ 2.56195421e+01  1.49853489e+00  9.72510089e+00  2.54513949e+01
   1.34525419e+00  9.63178746e+00  2.62723465e+01  1.07734335e+00
   9.72970098e+00  6.80288121e-02  2.35024620e-01  5.74021947e-02
   3.48206328e-01 -5.48050835e-01  6.85830905e-02  1.39307215e-01
   6.48719158e-02]
 [ 5.61162244e+01  2.55495682e+00 -2.91144956e+01  5.60122619e+01
   2.50019369e+00 -2.86287841e+01  5.58104143e+01  2.39594329e+00
  -2.76579423e+01 -8.47946977e-02 -1.86709302e-02 -1.63625216e-01
   8.30424179e-02 -9.36091549e-02 -5.20739962e-02 -2.40352145e-02
  -8.30060159e-03]
 [ 3.81234753e+01 -2.06617269e+00  4.90425336e+00  3.90947373e+01
  -2.03381995e+00  5.03073140e+00  4.03428047e+01 -2.00177670e+00
   5.25773109e+00 -3.28081291e-01 -2.82321110e+00 -4.16031874e-01
  -3.24987801e+00  1.23374642e+00  3.93729837e-01  1.27363102e-01
   3.62482796e-02]
 [ 3.03633945e+01  1.65527282e+01  5.48794946e+00  3.19990881e+01
   1.62883688e+01  5.83696885e+00  3.42505117e+01  1.54038973e+01
   6.20429796e+00 -5.37792982e-01 -3.96681190e-01 -6.38107170e-01
  -6.77957414e-01  1.86653352e+00  7.06079238e-01  2.26542087e-01
   6.48065146e-02]
 [ 1.69023452e+01 -2.65677144e+00  6.88528477e+00  2.20251134e+01
  -2.60753575e+00  8.05234804e+00  2.82096020e+01 -2.49876393e+00
   9.25353998e+00  6.55135944e-02  1.17000826e+01  1.03281268e-01
   1.33001969e+01  5.67016770e+00  2.17475946e+00  5.45460387e-01
   1.18735672e-01]
 [ 6.29531327e+01 -1.49376505e+00  2.41173457e-01  5.67094782e+01
  -1.35018744e+00  6.91970165e-01  5.17966648e+01 -1.12146189e+00
   1.23353957e+00  1.17425042e+01  9.68505512e-02  1.08188285e+01
   1.13705361e-02 -8.57761108e+00 -2.17988849e+00 -3.16354905e-01
  -2.25273292e-02]
 [ 2.46255821e+01 -6.87122941e+00  1.61748667e+01  2.72110657e+01
  -6.71803904e+00  1.61661048e+01  3.08575170e+01 -6.34787115e+00
   1.56267773e+01  5.94693202e-02 -5.97588721e+00  1.49610334e-01
  -7.81663759e+00  2.86454029e+00  1.14644807e+00  3.59708712e-01
   9.27077544e-02]
 [ 2.69687334e+01 -5.41214271e+00  1.22801642e+01  3.15708449e+01
  -5.52681895e+00  1.32264798e+01  3.56594608e+01 -5.60042040e+00
   1.39713061e+01  7.27695047e-02  2.51098073e+00  1.08934354e-01
   2.67237996e+00  6.41539952e+00  1.61669365e+00  3.25768358e-01
   5.77288471e-02]
 [ 9.21160082e+01  2.14533251e-01  2.99243530e+00  8.83503150e+01
   1.54201497e-01  3.29293222e+00  8.08509887e+01 -3.06670412e-02
   3.74233948e+00  2.22422953e-01  7.66181870e+00  2.25901173e-01
   1.17100442e+01 -2.97616320e+00 -2.07118694e+00 -7.87787798e-01
  -1.90570508e-01]
 [ 6.60814018e+01 -7.82369778e-01  2.09212353e+00  6.69434308e+01
  -7.78762981e-01  2.19447116e+00  6.55320568e+01 -8.33453915e-01
   2.59057846e+00  2.28545816e-01 -7.56567839e+00  2.24499678e-01
  -9.70323647e+00  2.40028063e+00 -8.48175873e-02 -2.14889891e-01
  -6.56759959e-02]
 [ 7.41835661e+01 -9.60637582e-01 -8.13925564e+00  7.38325158e+01
  -9.55767170e-01 -8.02327369e+00  7.29319836e+01 -9.33839028e-01
  -7.72449615e+00  3.18051553e-02  7.36647349e-02  1.50120436e-01
  -2.46824116e-01 -2.79264202e-01 -2.04643999e-01 -1.15690390e-01
  -4.81379815e-02]
 [ 3.00572579e+01 -1.28536009e+01  1.31310795e+01  2.99277098e+01
  -1.25929847e+01  1.29457426e+01  3.05001901e+01 -1.21263673e+01
   1.27504536e+01  9.93497826e-02  3.46577823e-01  1.87687226e-01
   6.99832571e-01 -4.30532428e-01  4.83519148e-02  9.69630070e-02
   4.61775157e-02]
 [ 4.01496611e+01 -1.04704462e+00  2.41765062e+00  4.20201792e+01
  -9.60619702e-01  2.59763111e+00  4.40018425e+01 -8.45295070e-01
   2.94820398e+00  1.17819594e+01 -3.12035268e-01  1.10541702e+01
  -3.88112856e-01  2.39470057e+00  7.23573732e-01  1.73386734e-01
   3.75794777e-02]
 [ 7.94102447e+01 -3.98674041e+00  1.03932219e+01  7.77554919e+01
  -3.95984314e+00  1.05721689e+01  7.48953007e+01 -3.76368355e+00
   1.06371152e+01  1.85807497e-01 -8.35333180e-01 -5.16989070e-02
  -1.67404115e+00 -1.70957327e+00 -8.05842983e-01 -3.08102644e-01
  -8.96679850e-02]
 [ 3.55026004e+01 -3.07768099e+00  1.13071677e+01  4.01211597e+01
  -2.79217753e+00  1.09187695e+01  4.42681652e+01 -2.52035339e+00
   1.05158745e+01  5.72966900e-02 -1.60690941e+01  5.56863143e-02
  -1.64263630e+01  6.13502419e+00  1.68094709e+00  3.14506438e-01
   4.80562622e-02]
 [ 7.93699538e+01  1.05768986e+01  1.61905661e+01  7.79496201e+01
   1.08282291e+01  1.62666055e+01  7.54333480e+01  1.09088186e+01
   1.61070164e+01  1.20506257e-01 -2.12885713e+00  9.46135386e-02
  -2.53894593e+00 -1.45470522e+00 -6.87718516e-01 -2.86787012e-01
  -1.06601495e-01]
 [ 2.41176663e+01 -5.73791877e-01  3.03760481e+00  2.98601461e+01
  -5.08470593e-01  3.54986468e+00  3.59389476e+01 -3.97610749e-01
   4.22106878e+00  1.26833086e+01 -2.03012035e-01  1.25887320e+01
  -2.21604307e-01  6.79836459e+00  2.29833554e+00  4.92977287e-01
   8.58920242e-02]
 [ 3.74125584e+01 -1.88639519e+00 -2.95121943e+00  3.71860682e+01
  -1.83127319e+00 -2.69121799e+00  3.75811728e+01 -1.70637887e+00
  -2.16450066e+00 -1.37025144e-01 -6.94509416e-02 -1.26763609e-01
  -2.24999125e-01 -4.50568421e-01 -8.57268685e-03  7.84192100e-02
   3.96725695e-02]
 [ 4.81725553e+01 -1.70558607e+01  3.25850527e+01  4.78402880e+01
  -1.69530208e+01  3.24569267e+01  4.76659132e+01 -1.67384114e+01
   3.21977831e+01  4.07714218e-03 -1.29569912e-01 -7.59417402e-03
  -1.72865569e-01 -5.69263006e-01 -8.99475281e-02 -1.00234558e-02
  -1.77175787e-03]
 [ 8.91116301e+01 -1.20453659e+01  3.36404543e+01  8.83344005e+01
  -1.20558455e+01  3.34454101e+01  8.67615167e+01 -1.19985800e+01
   3.28544748e+01 -2.38687453e-01  7.29778690e-01 -4.80026405e-01
   1.53314927e+00 -7.69243833e-01 -3.90200462e-01 -1.95885646e-01
  -8.29522437e-02]
 [ 8.94803960e+01  2.34985617e+00  1.41211346e+01  8.85313611e+01
   2.42414428e+00  1.42851748e+01  8.61661495e+01  2.58046127e+00
   1.45330343e+01  8.12066924e-03 -2.35921901e-01 -1.41571805e-01
  -4.12803145e-01 -8.29571591e-01 -5.29601707e-01 -3.11554613e-01
  -1.36344019e-01]
 [ 5.39837407e+01 -1.34457935e+01  2.05311000e+01  5.37992061e+01
  -1.33160316e+01  2.04055376e+01  5.35559950e+01 -1.30917591e+01
   2.01770562e+01 -4.11005997e-02  2.33275301e-02 -6.74151165e-02
   1.42977120e-01 -2.11461934e-01 -7.60766504e-02 -2.69061678e-02
  -1.25581247e-02]
 [ 4.43795251e+01  1.64162047e+01  3.16021577e+01  4.44421911e+01
   1.51825025e+01  3.04347689e+01  4.46867450e+01  1.30874787e+01
   2.85553118e+01 -4.80890536e-01 -1.44531100e+00 -6.74845159e-01
  -2.24321323e+00 -3.95458082e-02  5.63250246e-02  3.10385942e-02
   1.73652203e-02]
 [ 4.41107813e+01  3.13211170e+00  1.47696208e+01  4.38641000e+01
   2.93278271e+00  1.45613109e+01  4.38361076e+01  2.59920430e+00
   1.42400002e+01 -1.05365678e-01 -4.23649303e-01 -1.62571857e-01
  -6.27495328e-01 -4.65873102e-01 -5.20724554e-02  7.39457580e-03
   4.65641347e-03]
 [ 5.85968503e+01 -1.95992272e+01  4.73280749e+01  5.82858025e+01
  -1.94659355e+01  4.69201065e+01  5.77241567e+01 -1.91898276e+01
   4.62215084e+01  7.77693989e-04  7.44318846e-03  5.43448387e-02
   2.16729520e-01 -3.16783880e-01 -1.48718129e-01 -6.72800014e-02
  -2.75570401e-02]
 [ 4.07085598e+01 -2.00225587e+01  3.15856789e+01  4.12406468e+01
  -1.97610275e+01  3.14813172e+01  4.21158613e+01 -1.93985167e+01
   3.14051146e+01 -7.13739898e-03  1.82789822e-03  7.41818370e-03
   5.75757367e-02  5.12116220e-01  2.56749039e-01  9.25055587e-02
   2.68118299e-02]
 [ 3.62862988e+01 -4.88657825e+00  1.88709709e+01  3.95412014e+01
  -4.61103355e+00  1.83168665e+01  4.32056601e+01 -4.23339528e+00
   1.74938734e+01  1.34600759e+01 -5.08038283e-02  1.41450236e+01
   7.92389016e-02  4.03305355e+00  1.30696269e+00  3.11462191e-01
   4.61601356e-02]
 [ 7.03309766e+01 -1.04723968e+00 -9.41183975e-01  7.03305976e+01
  -1.04808856e+00 -8.67414133e-01  6.98108763e+01 -1.03117336e+00
  -7.09470047e-01  6.51548073e-02  7.56444600e-02  8.19843511e-02
  -2.25371158e-01  1.60986516e-01 -6.70440335e-02 -8.34958196e-02
  -4.31272155e-02]
 [ 6.80390506e+01 -1.84017584e+01  4.05472882e+01  6.79190032e+01
  -1.81266763e+01  4.00190764e+01  6.74186074e+01 -1.76649730e+01
   3.91549978e+01  3.90795993e-02 -5.24521381e-02  1.01124838e-01
   7.52099357e-02 -7.21583132e-02 -8.73010000e-02 -7.48868441e-02
  -3.74687962e-02]
 [ 1.28758921e+01 -1.21048610e+00  2.60662376e+00  1.69888415e+01
  -1.08999579e+00  3.24292429e+00  2.36418796e+01 -9.03603731e-01
   4.37826761e+00  5.88407036e+00  5.59476742e-01  7.27914746e+00
   7.83786241e-01  3.87275074e+00  2.02427520e+00  6.49023733e-01
   1.38672651e-01]
 [ 7.71192039e+01  1.48749020e+01  2.41497143e+00  7.63862008e+01
   1.48176557e+01  2.54159911e+00  7.45710937e+01  1.44737865e+01
   2.84066786e+00 -7.86973987e-02 -1.31795961e-01 -1.50107203e-01
  -3.89106241e-01 -5.72234524e-01 -4.23575326e-01 -2.26499112e-01
  -8.53728297e-02]
 [ 5.18470749e+01 -1.02003288e+01  4.24155675e+01  5.16328628e+01
  -1.01167757e+01  4.21641159e+01  5.11487262e+01 -9.88972213e+00
   4.16059292e+01  7.11493072e-02 -1.63917625e-03  1.53490191e-01
   1.01976662e-01 -1.82277436e-01 -1.18699524e-01 -5.81798681e-02
  -2.08729819e-02]
 [ 9.66884139e+01 -5.53107586e+00  1.64457050e+01  9.61877593e+01
  -5.68202607e+00  1.68843078e+01  9.49456483e+01 -5.82975825e+00
   1.74158139e+01 -1.21110649e-01  5.36362913e-01 -1.54907416e-01
   1.09247114e+00 -4.41763947e-01 -2.75088167e-01 -1.66651586e-01
  -7.51011639e-02]
 [ 1.63909779e+01 -8.65390378e-01  9.14090949e-01  1.67616100e+01
  -8.09950845e-01  9.31797797e-01  1.81962831e+01 -6.48281748e-01
   1.10103707e+00 -5.35691086e-01  2.04927808e-01 -7.34139136e-01
   1.93712997e-01  1.77910112e-01  2.73039310e-01  2.00472947e-01
   8.79525387e-02]
 [ 5.53039078e+01 -1.19987039e+00  3.58433500e+00  5.57870951e+01
  -1.08365363e+00  3.57940603e+00  5.57064532e+01 -9.32651065e-01
   3.74632522e+00 -1.53600536e+01 -8.98801660e-02 -1.43411736e+01
  -2.82817391e-01  1.06138177e+00  6.05813616e-02 -2.35861079e-02
  -1.25398603e-02]
 [ 2.02816068e+01 -1.44952049e+00  9.35215617e-01  2.74620075e+01
  -1.26016064e+00  1.29507198e+00  3.46375499e+01 -9.60347437e-01
   1.90635251e+00  3.01067245e-01 -3.06090284e-01  2.74081691e-01
  -2.98702096e-01  8.67132169e+00  2.80693918e+00  5.50851878e-01
   8.21815531e-02]
 [ 7.96978631e+01 -1.48439389e+01  3.86688633e+01  7.93152440e+01
  -1.45693308e+01  3.81096475e+01  7.84125169e+01 -1.40481552e+01
   3.69850192e+01 -1.87794905e-01  2.57727181e-01 -4.01660657e-01
   6.25750588e-01 -3.32207750e-01 -2.08065629e-01 -1.17845647e-01
  -5.17089358e-02]
 [ 3.98274877e+01 -1.71117850e+00  2.06568315e+01  4.05938048e+01
  -1.91812301e+00  2.06997357e+01  4.12174655e+01 -2.22815204e+00
   2.04923132e+01 -9.89925821e-02 -1.32910725e-01 -1.05051859e-01
  -2.63889008e-01  1.16574541e+00  2.50395909e-01  5.11544084e-02
   1.42770406e-02]
 [ 5.09224019e+01 -1.39621817e+01  3.48668375e+01  4.83846307e+01
  -1.30543992e+01  3.27177738e+01  4.55721721e+01 -1.17774375e+01
   2.99129717e+01  2.32999440e-01  1.02586076e+01  2.85386120e-01
   1.26616459e+01 -2.92609654e+00 -1.04675970e+00 -2.23353689e-01
  -2.59350889e-02]
 [ 1.12339231e+01  6.23411642e+00  8.40521108e+00  1.19329324e+01
   6.52384461e+00  8.74359678e+00  1.38247415e+01  6.82792747e+00
   9.44879332e+00 -2.99919175e-01 -2.54947966e-01 -4.80578152e-01
  -1.12325866e-01  5.55824814e-01  4.09573439e-01  2.54951900e-01
   1.16224895e-01]
 [ 3.10237255e+01 -1.04824496e+00  2.10869786e+00  4.03956676e+01
  -8.79587703e-01  2.50353545e+00  4.64132337e+01 -7.01783230e-01
   3.06378194e+00 -2.45688017e+00 -6.80166096e-01 -2.10496739e+00
  -6.51041227e-01  1.36218290e+01  2.98163069e+00  3.36283886e-01
   2.17015305e-02]
 [ 4.36924018e+01  2.00696438e-01  5.74457217e+00  4.31297558e+01
   2.03773155e-01  5.62616269e+00  4.35533340e+01  2.21487933e-01
   5.60979417e+00 -1.16944266e+01  1.29564326e-01 -1.13491145e+01
   5.90527943e-02 -1.36737670e+00 -2.52144253e-02  7.86139052e-02
   3.65374130e-02]
 [ 4.25912385e+01 -1.37717687e+00  5.28303661e-01  4.83861997e+01
  -1.32580633e+00  7.98044192e-01  5.21545778e+01 -1.25970971e+00
   1.15616855e+00 -9.84262578e-02  1.40539462e+01 -3.85734779e-02
   1.36771687e+01  8.52743934e+00  1.86219931e+00  2.05536758e-01
   7.14954112e-03]
 [ 2.92092774e+01 -1.61420183e+00 -6.09124584e+00  3.17791653e+01
  -1.59679210e+00 -5.91644228e+00  3.56454984e+01 -1.51698272e+00
  -5.40392341e+00  1.21478823e-01  8.19225315e+00  1.56141405e-01
   1.08911014e+01  2.67026149e+00  1.18940602e+00  3.85599244e-01
   8.68640613e-02]
 [ 2.05260107e+01  2.27077256e+01  1.90071543e+01  2.15354899e+01
   2.22350491e+01  1.89469517e+01  2.35865443e+01  2.10711571e+01
   1.87581494e+01 -2.64512522e-01 -1.14803318e+00 -2.89618998e-01
  -1.92534136e+00  9.89501498e-01  5.07061143e-01  2.56943969e-01
   1.07804463e-01]
 [ 1.47564393e+01  1.78022288e-01 -9.18978369e+00  1.55773979e+01
   2.54425788e-01 -9.08939219e+00  1.76217684e+01  3.70340367e-01
  -8.51612955e+00  6.24256341e-03 -7.49981598e-01  2.42705651e-02
  -1.29616380e+00  6.79756131e-01  4.64077116e-01  2.66261032e-01
   1.09915558e-01]
 [ 4.36871131e+01 -4.59203379e-01  4.78970408e+00  4.24752434e+01
  -4.60577323e-01  4.78780867e+00  4.19499428e+01 -4.57041315e-01
   4.84046774e+00  2.13434398e-01  1.56524906e+00  1.59870381e-01
   1.56064321e+00 -1.87610291e+00 -3.55003941e-01  3.44472730e-04
   2.11459489e-02]
 [ 6.26039463e+01 -1.18624919e+00 -1.69896146e+00  6.24878067e+01
  -1.19058746e+00 -1.59529571e+00  6.19124187e+01 -1.18174811e+00
  -1.35587552e+00  4.03272495e-03  8.32841667e-02  4.46326979e-02
  -3.38404784e-02 -4.00734468e-03 -1.05638651e-01 -7.88498209e-02
  -2.96790239e-02]
 [ 8.47013481e+01 -4.47813404e-01  2.54135532e+00  7.86833616e+01
  -4.63848948e-01  3.20909277e+00  7.18389522e+01 -5.52551236e-01
   4.12136913e+00  5.57886004e-03 -1.38110373e+01 -5.77832231e-02
  -1.54859982e+01 -6.81210707e+00 -2.48121811e+00 -5.85624247e-01
  -1.15610486e-01]
 [ 5.53580468e+01 -2.33127588e+01  2.58300695e+01  5.54748160e+01
  -2.30798082e+01  2.57274086e+01  5.56621265e+01 -2.25988455e+01
   2.54408518e+01 -1.53522482e-01  1.55310349e-01 -3.21903937e-01
   2.05882657e-01  1.21015848e-01  5.53252309e-02  1.91563331e-02
   3.83376510e-03]
 [ 5.13852409e+01 -2.20423634e+00  2.05431381e+01  4.96046839e+01
  -2.40918041e+00  2.03800995e+01  4.82906680e+01 -2.69548986e+00
   2.00141566e+01  8.13141134e-02  6.13740740e-01  1.52142471e-01
   7.61699051e-01 -2.70528142e+00 -5.73590575e-01 -9.10643238e-02
  -7.52479013e-03]
 [ 6.83205051e+01 -9.94728745e+00  2.29190194e+01  6.80401263e+01
  -9.82887969e+00  2.28168124e+01  6.71566139e+01 -9.62867026e+00
   2.25619018e+01 -2.75789650e-01 -7.97218395e-01 -2.69495473e-01
  -1.10518425e+00 -6.84940318e-02 -2.06088798e-01 -1.02724958e-01
  -3.01627726e-02]
 [ 2.76754912e+01 -1.24115968e+01  2.34130135e+01  2.82516292e+01
  -1.23218976e+01  2.34834568e+01  2.90135085e+01 -1.21194292e+01
   2.34866882e+01  4.48255537e-02 -1.89146800e-02  9.26106702e-02
   2.51322536e-02  7.13503024e-01  2.34693640e-01  8.22698362e-02
   3.09106055e-02]
 [ 4.94947191e+01 -1.88246477e+00 -4.93373297e+00  4.94952557e+01
  -1.84102377e+00 -4.79372531e+00  4.93953268e+01 -1.75984353e+00
  -4.43882367e+00 -3.46997484e-02  2.75728013e-01 -6.27449314e-02
   1.92185637e-01  3.78322951e-02 -1.52499004e-02 -1.32494635e-02
  -2.05147576e-03]
 [ 7.89721518e+01 -9.16898462e-01 -3.15385881e+00  7.68916904e+01
  -9.85192844e-01 -2.74078003e+00  7.28552089e+01 -1.11637978e+00
  -1.82915529e+00  1.85227753e-01 -4.81310444e+00  1.91998122e-01
  -8.22203577e+00 -1.91877103e+00 -1.08527179e+00 -4.43175495e-01
  -1.11938971e-01]
 [ 5.03357657e+01 -4.54333970e-01  5.32317290e+00  5.50274242e+01
  -4.09304052e-01  5.16686775e+00  5.75381458e+01 -4.08530096e-01
   5.22083150e+00  1.25095039e+01 -1.01639878e-01  1.16318835e+01
  -2.25744480e-01  7.57513407e+00  1.36496904e+00  1.11475154e-01
  -1.02579258e-02]
 [ 4.15811641e+01 -1.42845865e+01  2.92864037e+01  4.34576043e+01
  -1.41761985e+01  2.95493624e+01  4.44458482e+01 -1.39292785e+01
   2.94563793e+01 -2.90511617e-03 -5.93219623e-02  1.38673438e-04
  -1.17034818e-01  3.18873074e+00  5.13750841e-01  5.48645857e-02
   3.95538891e-03]
 [ 7.31609250e+01 -3.16304474e+00  2.04673632e+01  6.87040041e+01
  -3.41839024e+00  2.02595221e+01  6.37271662e+01 -3.60554791e+00
   1.96575560e+01 -1.17094998e+00  7.44729706e+00 -1.18330467e+00
   7.76913009e+00 -5.36537718e+00 -1.79734788e+00 -4.24435476e-01
  -7.83091863e-02]
 [ 5.93751838e+01 -9.67285994e+00  2.59908810e+01  5.94303616e+01
  -9.62791459e+00  2.59010735e+01  5.92066680e+01 -9.51635526e+00
   2.57111985e+01 -6.14772058e-02 -2.12964425e-01 -1.09080528e-01
  -2.05428039e-01  2.30052954e-01 -2.62807916e-02 -3.46258747e-02
  -1.72583574e-02]
 [ 3.15786773e+01 -1.28649247e+00  3.44240920e+00  3.49390279e+01
  -1.17321366e+00  3.67162006e+00  3.88547573e+01 -9.97057859e-01
   3.98551597e+00 -1.18539098e-01  7.28871714e+00 -1.28001472e-01
   7.46793835e+00  4.22147451e+00  1.35635328e+00  3.48541814e-01
   6.79528043e-02]
 [ 4.92598096e+01  1.35155834e+01  8.00133089e+00  5.00371847e+01
   1.30668658e+01  7.98301864e+00  5.09657551e+01  1.20722998e+01
   7.76687429e+00 -5.54632186e-01  4.48604599e-01 -3.60850307e-01
   4.55725451e-01  8.80549667e-01  3.26503404e-01  8.02909619e-02
   1.30234153e-02]
 [ 4.40053073e+01 -4.67275064e+00  2.91044742e+01  4.31879996e+01
  -4.81407355e+00  2.85000564e+01  4.26314877e+01 -5.05176297e+00
   2.76740056e+01  1.00805771e-01 -1.08875668e-02  5.92364364e-02
   2.65966677e-03 -1.24303116e+00 -2.56595160e-01 -3.53257202e-02
  -2.07352983e-03]
 [ 4.03138481e+01  1.75533313e+00 -1.81108319e+01  4.05367781e+01
   1.65747458e+00 -1.69860973e+01  4.10022140e+01  1.48301553e+00
  -1.49195415e+01 -3.95889375e-01 -6.89880377e-01 -5.37196200e-01
  -1.09633181e+00  2.29963500e-01  1.17529249e-01  5.44569901e-02
   2.25651782e-02]
 [ 6.43976450e+01 -1.03780884e+00  7.02453027e-01  5.93847658e+01
  -1.05498695e+00  1.22688444e+00  5.55783709e+01 -1.11439025e+00
   1.94379605e+00  3.04673526e-02 -1.76305532e+01 -1.51658342e-02
  -1.73460413e+01 -7.20726355e+00 -1.67480728e+00 -2.58939863e-01
  -2.47587803e-02]
 [ 6.02284057e+01  2.55484223e+00  1.68097301e+01  5.88714742e+01
   2.44338063e+00  1.66386135e+01  5.72580961e+01  2.21175771e+00
   1.62330924e+01 -1.86729536e-01  1.36559561e-01 -1.39310624e-01
   1.47634487e-01 -1.78538052e+00 -5.33656289e-01 -1.54917902e-01
  -3.79301455e-02]
 [ 6.98072015e+01  1.25467363e+00  1.13224300e+01  6.46046186e+01
   1.10317175e+00  1.11321703e+01  5.94420747e+01  7.82655995e-01
   1.08243086e+01  1.24043280e+01 -5.26507971e-01  1.26949413e+01
  -6.56599774e-01 -6.48347291e+00 -2.01346205e+00 -3.98691479e-01
  -5.63738541e-02]
 [ 6.60423728e+01 -1.29083317e+01  3.30416001e+01  6.14895032e+01
  -1.25840437e+01  3.17454278e+01  5.71674586e+01 -1.18151873e+01
   2.96961280e+01 -9.01379992e-02  5.22363621e+00 -1.31255401e-01
   6.75151069e+00 -5.95021915e+00 -1.70285429e+00 -3.28517123e-01
  -4.10024777e-02]
 [ 9.80960984e+01  1.67394222e-01 -4.59953688e-01  9.79066007e+01
   1.62284231e-01 -4.54497741e-01  9.70925516e+01  1.34934441e-01
  -3.80422137e-01  2.71364743e-02 -6.14165064e-02  5.48546177e-02
  -2.97433938e-01 -1.21637814e-01 -1.32674077e-01 -1.29800874e-01
  -7.44667182e-02]
 [ 3.52258734e+01 -1.03629038e+01  2.57575040e+01  3.44968390e+01
  -9.96823549e+00  2.47098114e+01  3.45442141e+01 -9.36341418e+00
   2.36159693e+01  3.35093630e-02  9.53427861e+00  5.11620171e-02
   1.10422267e+01 -1.20313778e+00 -1.73981912e-01  6.11448852e-02
   3.99386427e-02]
 [ 3.50769502e+01  2.10145077e+00  1.26568851e+01  3.53328126e+01
   1.97721484e+00  1.25768649e+01  3.59102538e+01  1.73413795e+00
   1.24280736e+01 -7.29468135e-02  2.11783258e-01 -1.07243301e-01
   3.91646779e-01  2.16882141e-01  1.42164581e-01  6.98518049e-02
   2.78534005e-02]
 [ 1.14715606e+01 -1.39884724e+00  2.43894448e+00  1.53049429e+01
  -1.27645368e+00  3.12449560e+00  2.21416956e+01 -1.06868495e+00
   4.40600657e+00 -5.83072405e-01 -6.94971043e+00 -6.96365520e-01
  -1.00065084e+01  3.38135267e+00  1.98240706e+00  6.89052443e-01
   1.50882992e-01]]